1 0 1 0 0 1 1 1 0 0 0 1 0 0 0 1 1 1 0 
0 6 38 9 20 32 8 40 17 16 25 33 30 5 32 14 13 47 15 
6 0 30 9 11 34 34 23 19 37 38 50 28 27 49 13 23 3 9 
38 30 0 15 42 13 7 20 22 17 49 10 37 43 29 38 42 33 37 
9 9 15 0 4 41 9 35 14 31 44 23 8 34 35 36 47 32 12 
20 11 42 4 0 41 14 13 5 29 47 27 8 4 38 15 43 49 29 
32 34 13 41 41 0 39 10 50 5 15 21 9 29 31 34 8 44 36 
8 34 7 9 14 39 0 48 34 35 9 14 38 33 40 20 14 10 17 
40 23 20 35 13 10 48 0 7 12 4 42 17 3 24 20 38 10 36 
17 19 22 14 5 50 34 7 0 37 21 42 25 27 49 6 11 10 42 
16 37 17 31 29 5 35 12 37 0 28 7 15 44 23 43 46 43 27 
25 38 49 44 47 15 9 4 21 28 0 29 33 44 30 26 20 24 8 
33 50 10 23 27 21 14 42 42 7 29 0 15 28 5 39 40 12 23 
30 28 37 8 8 9 38 17 25 15 33 15 0 19 16 27 26 42 5 
5 27 43 34 4 29 33 3 27 44 44 28 19 0 34 22 7 47 14 
32 49 29 35 38 31 40 24 49 23 30 5 16 34 0 28 6 19 24 
14 13 38 36 15 34 20 20 6 43 26 39 27 22 28 0 25 43 16 
13 23 42 47 43 8 14 38 11 46 20 40 26 7 6 25 0 4 46 
47 3 33 32 49 44 10 10 10 43 24 12 42 47 19 43 4 0 33 
15 9 37 12 29 36 17 36 42 27 8 23 5 14 24 16 46 33 0 
4 33
1P 2B 18P 17P 15B 12P 10B 6P 3P 7P 4B 13B 19B 11B 8P 14B 5B 9B 16P = 122