1 1 0 1 0 1 0 0 0 0 0 0 0 1 0 
0 30 26 23 6 18 28 28 4 40 4 26 15 29 33 
30 0 10 8 15 32 5 38 23 40 16 15 18 19 11 
26 10 0 13 12 12 11 6 4 26 25 34 11 34 23 
23 8 13 0 5 28 35 16 26 32 25 40 16 24 5 
6 15 12 5 0 26 19 26 11 29 4 9 29 30 29 
18 32 12 28 26 0 18 18 15 29 11 22 31 23 35 
28 5 11 35 19 18 0 38 33 28 18 17 4 13 36 
28 38 6 16 26 18 38 0 31 20 13 34 6 11 36 
4 23 4 26 11 15 33 31 0 25 24 30 33 10 30 
40 40 26 32 29 29 28 20 25 0 20 13 31 23 26 
4 16 25 25 4 11 18 13 24 20 0 15 24 8 34 
26 15 34 40 9 22 17 34 30 13 15 0 12 24 16 
15 18 11 16 29 31 4 6 33 31 24 12 0 28 10 
29 19 34 24 30 23 13 11 10 23 8 24 28 0 38 
33 11 23 5 29 35 36 36 30 26 34 16 10 38 0 
3 2
1P 9B 3B 6P 10B 12B 5B 4P 15B 2P 7B 13B 8B 14P 11B = 130