0 1 0 1 0 1 
0 33 16 36 12 26 
33 0 24 39 18 40 
16 24 0 37 32 33 
36 39 37 0 35 15 
12 18 32 35 0 8 
26 40 33 15 8 0 
5 3
1B 3B 2P 4P 6P 5B = 114