0 1 1 0 0 1 0 
0 11 21 33 32 33 38 
11 0 33 11 21 28 6 
21 33 0 37 37 36 23 
33 11 37 0 32 6 24 
32 21 37 32 0 31 39 
33 28 36 6 31 0 18 
38 6 23 24 39 18 0 
5 4
1B 3P 7B 2P 4B 6P 5B = 130