1 0 1 1 0 1 1 0 1 0 0 1 0 0 0 0 0 
0 39 7 46 50 49 12 14 43 40 25 47 27 6 32 44 12 
39 0 44 49 40 45 20 10 44 29 45 39 29 24 41 43 39 
7 44 0 23 43 24 31 34 43 12 47 39 36 48 6 26 49 
46 49 23 0 27 32 19 33 50 20 43 33 24 14 50 26 43 
50 40 43 27 0 8 20 5 20 7 23 46 49 28 42 29 41 
49 45 24 32 8 0 38 37 12 43 12 44 36 8 25 6 7 
12 20 31 19 20 38 0 9 7 32 43 37 15 14 32 26 33 
14 10 34 33 5 37 9 0 11 25 35 40 12 43 28 11 13 
43 44 43 50 20 12 7 11 0 28 25 10 27 49 46 11 11 
40 29 12 20 7 43 32 25 28 0 31 8 42 32 38 20 46 
25 45 47 43 23 12 43 35 25 31 0 37 17 41 42 19 44 
47 39 39 33 46 44 37 40 10 8 37 0 13 16 10 13 29 
27 29 36 24 49 36 15 12 27 42 17 13 0 47 16 48 32 
6 24 48 14 28 8 14 43 49 32 41 16 47 0 29 5 9 
32 41 6 50 42 25 32 28 46 38 42 10 16 29 0 20 24 
44 43 26 26 29 6 26 11 11 20 19 13 48 5 20 0 27 
12 39 49 43 41 7 33 13 11 46 44 29 32 9 24 27 0 
2 14
1P 3P 15B 12P 10B 5B 4P 14B 16B 6P 11B 13B 7P 2B 8B 9P 17B = 198