1 0 0 0 0 1 1 0 0 0 1 1 0 1 0 0 0 
0 5 18 25 24 18 7 23 39 18 9 21 19 30 6 27 38 
5 0 30 35 9 23 32 32 19 40 9 15 17 21 32 10 13 
18 30 0 27 37 14 28 7 20 29 6 31 27 19 22 35 36 
25 35 27 0 29 29 18 22 28 32 18 16 25 31 33 33 5 
24 9 37 29 0 22 19 29 31 11 22 35 32 21 34 38 16 
18 23 14 29 22 0 24 10 12 24 39 10 9 24 29 38 34 
7 32 28 18 19 24 0 25 6 35 16 15 22 14 37 21 36 
23 32 7 22 29 10 25 0 5 32 40 11 24 5 14 19 28 
39 19 20 28 31 12 6 5 0 33 24 24 35 6 16 21 38 
18 40 29 32 11 24 35 32 33 0 25 20 38 26 13 9 24 
9 9 6 18 22 39 16 40 24 25 0 30 15 21 34 39 9 
21 15 31 16 35 10 15 11 24 20 30 0 6 18 35 16 25 
19 17 27 25 32 9 22 24 35 38 15 6 0 32 19 35 17 
30 21 19 31 21 24 14 5 6 26 21 18 32 0 36 27 25 
6 32 22 33 34 29 37 14 16 13 34 35 19 36 0 4 15 
27 10 35 33 38 38 21 19 21 9 39 16 35 27 4 0 29 
38 13 36 5 16 34 36 28 38 24 9 25 17 25 15 29 0 
4 5
1P 2B 11P 17B 4B 12P 13B 6P 3B 8B 14P 9B 7P 5B 10B 16B 15B = 146