0 1 1 0 1 0 
0 21 44 24 7 27 
21 0 26 13 17 4 
44 26 0 15 17 12 
24 13 15 0 39 6 
7 17 17 39 0 44 
27 4 12 6 44 0 
8 28
1B 2P 6B 4B 3P 5P = 70