0 1 1 1 1 0 1 1 0 0 0 0 1 1 1 0 
0 17 22 9 29 30 25 13 35 29 40 9 5 19 8 27 
17 0 24 8 2 13 32 33 12 38 36 24 8 22 29 25 
22 24 0 25 22 2 19 25 9 2 35 32 14 32 14 2 
9 8 25 0 14 12 37 10 24 26 19 27 9 36 35 2 
29 2 22 14 0 3 15 13 15 36 17 16 14 22 39 19 
30 13 2 12 3 0 32 24 22 26 29 32 10 32 26 35 
25 32 19 37 15 32 0 28 13 13 5 18 19 25 6 21 
13 33 25 10 13 24 28 0 22 14 40 27 2 26 20 12 
35 12 9 24 15 22 13 22 0 11 15 21 23 24 15 13 
29 38 2 26 36 26 13 14 11 0 7 10 32 8 13 35 
40 36 35 19 17 29 5 40 15 7 0 7 23 21 34 17 
9 24 32 27 16 32 18 27 21 10 7 0 15 23 20 34 
5 8 14 9 14 10 19 2 23 32 23 15 0 23 32 23 
19 22 32 36 22 32 25 26 24 8 21 23 23 0 18 30 
8 29 14 35 39 26 6 20 15 13 34 20 32 18 0 9 
27 25 2 2 19 35 21 12 13 35 17 34 23 30 9 0 
3 5
1B 12B 11B 7P 15P 14P 10B 9B 2P 5P 6B 3P 16B 4P 8P 13P = 104