0 0 0 0 1 0 1 
0 36 8 4 16 48 26 
36 0 37 4 24 14 10 
8 37 0 23 37 42 7 
4 4 23 0 19 17 7 
16 24 37 19 0 39 25 
48 14 42 17 39 0 7 
26 10 7 7 25 7 0 
8 23
1B 3B 7P 6B 2B 4B 5P = 75