1 1 0 0 0 1 0 1 0 1 1 1 1 1 0 0 0 0 
0 7 17 11 12 33 13 33 9 7 26 24 40 35 37 20 32 33 
7 0 38 6 21 13 4 12 24 15 35 16 21 14 30 4 9 18 
17 38 0 37 11 35 40 8 34 36 30 19 36 13 13 5 26 37 
11 6 37 0 9 40 30 5 29 39 9 13 9 32 11 23 36 17 
12 21 11 9 0 19 18 21 40 33 36 4 14 15 11 18 8 31 
33 13 35 40 19 0 30 19 38 31 24 14 15 11 28 33 10 26 
13 4 40 30 18 30 0 33 28 15 22 20 38 29 13 14 13 19 
33 12 8 5 21 19 33 0 16 40 36 26 22 5 16 28 40 22 
9 24 34 29 40 38 28 16 0 31 9 10 4 33 27 23 32 9 
7 15 36 39 33 31 15 40 31 0 28 37 24 10 7 21 18 25 
26 35 30 9 36 24 22 36 9 28 0 8 25 11 9 18 25 21 
24 16 19 13 4 14 20 26 10 37 8 0 22 7 14 12 40 21 
40 21 36 9 14 15 38 22 4 24 25 22 0 8 38 19 26 11 
35 14 13 32 15 11 29 5 33 10 11 7 8 0 8 39 35 16 
37 30 13 11 11 28 13 16 27 7 9 14 38 8 0 20 28 13 
20 4 5 23 18 33 14 28 23 21 18 12 19 39 20 0 37 17 
32 9 26 36 8 10 13 40 32 18 25 40 26 35 28 37 0 15 
33 18 37 17 31 26 19 22 9 25 21 21 11 16 13 17 15 0 
2 5
1P 7B 2P 16B 3B 8P 4B 13P 18B 9B 11P 12P 5B 17B 6P 14P 15B 10P = 140