0 1 0 1 1 0 1 0 0 1 1 1 1 1 1 0 1 
0 71 78 37 67 52 21 43 15 28 54 52 56 17 41 49 18 
71 0 40 73 22 57 42 52 49 25 18 30 42 78 50 79 71 
78 40 0 28 54 49 15 41 28 80 64 37 32 59 59 79 73 
37 73 28 0 42 50 70 16 63 75 21 60 80 33 80 29 35 
67 22 54 42 0 31 17 58 76 78 49 69 42 64 35 51 49 
52 57 49 50 31 0 72 41 44 38 20 79 41 61 60 26 33 
21 42 15 70 17 72 0 19 18 71 57 50 58 54 76 60 66 
43 52 41 16 58 41 19 0 58 50 58 74 21 30 66 64 60 
15 49 28 63 76 44 18 58 0 57 27 56 32 37 69 26 22 
28 25 80 75 78 38 71 50 57 0 58 40 34 61 75 27 37 
54 18 64 21 49 20 57 58 27 58 0 53 22 51 43 70 62 
52 30 37 60 69 79 50 74 56 40 53 0 79 60 49 73 43 
56 42 32 80 42 41 58 21 32 34 22 79 0 32 51 23 74 
17 78 59 33 64 61 54 30 37 61 51 60 32 0 15 26 28 
41 50 59 80 35 60 76 66 69 75 43 49 51 15 0 54 36 
49 79 79 29 51 26 60 64 26 27 70 73 23 26 54 0 16 
18 71 73 35 49 33 66 60 22 37 62 43 74 28 36 16 0 
2 50
1B 9B 17P 16B 6B 11P 4P 8B 13P 10P 2P 12P 3B 7P 5P 15P 14P = 382